V 54
K 1
D 0 -1016000 3302000 0
Y 1
U 2921000 762000 254000 0 2 3 REFDES=VR?
U 2921000 508000 254000 0 2 3 DEVICE=RKJXV1224005
U 2921000 254000 254000 0 2 0 PKG_TYPE=RKJXV1224005
U 2921000 0 254000 0 2 0 Description=Plugin,13x13mm Multi-Directional Switches ROHS, Rotary Potentiometer, 10 kOhm, 1Turn, 12.5 mW
U 2921000 -254000 254000 0 2 0 Datasheet Link=https://tech.alpsalpine.com/e/products/detail/RKJXV1224005/
U 2921000 -508000 254000 0 2 0 Height=18.95
U 2921000 -762000 254000 0 2 0 Manufacturer_Name=ALPS Electric
U 2921000 -1016000 254000 0 2 0 Manufacturer_Part_Number=RKJXV1224005
U 2921000 -1270000 254000 0 2 0 Mouser Part Number=688-RKJXV1224005
U 2921000 -1524000 254000 0 2 0 Mouser Price/Stock=https://www.mouser.co.uk/ProductDetail/Alps-Alpine/RKJXV1224005?qs=RiQAlOPxzzAqLSX9lUzx8Q%3D%3D
U 2921000 -1778000 254000 0 2 0 Arrow Part Number=
U 2921000 -2032000 254000 0 2 0 Arrow Price/Stock=
U 0 0 254000 0 1 0 FORWARD_PCB=1
l 5 508000 254000 2794000 254000 2794000 -1270000 508000 -1270000 508000 254000
|GRPHSTL -1 -1 -1 1
P 1 0 0 508000 0 0 2 0
L 584200 0 228600 0 2 0 1 0 MH1
A 355600 50800 203200 0 9 3 #=1
A 0 0 9 0 3 0 PINTYPE=BI
P 2 0 -254000 508000 -254000 0 2 0
L 584200 -254000 228600 0 2 0 1 0 MH2
A 355600 -203200 203200 0 9 3 #=2
A 0 0 9 0 3 0 PINTYPE=BI
P 3 0 -508000 508000 -508000 0 2 0
L 584200 -508000 228600 0 2 0 1 0 MH3
A 355600 -457200 203200 0 9 3 #=3
A 0 0 9 0 3 0 PINTYPE=BI
P 4 0 -762000 508000 -762000 0 2 0
L 584200 -762000 228600 0 2 0 1 0 MH4
A 355600 -711200 203200 0 9 3 #=4
A 0 0 9 0 3 0 PINTYPE=BI
P 5 0 -1016000 508000 -1016000 0 2 0
L 584200 -1016000 228600 0 2 0 1 0 CCW_1
A 355600 -965200 203200 0 9 3 #=A1
A 0 0 9 0 3 0 PINTYPE=BI
P 6 3302000 0 2794000 0 0 3 0
L 2717800 0 228600 0 8 0 1 0 WIPER_1
A 2946400 50800 203200 0 3 3 #=A2
A 0 0 9 0 3 0 PINTYPE=BI
P 7 3302000 -254000 2794000 -254000 0 3 0
L 2717800 -254000 228600 0 8 0 1 0 CW_1
A 2946400 -203200 203200 0 3 3 #=A3
A 0 0 9 0 3 0 PINTYPE=BI
P 8 3302000 -508000 2794000 -508000 0 3 0
L 2717800 -508000 228600 0 8 0 1 0 CCW_2
A 2946400 -457200 203200 0 3 3 #=B1
A 0 0 9 0 3 0 PINTYPE=BI
P 9 3302000 -762000 2794000 -762000 0 3 0
L 2717800 -762000 228600 0 8 0 1 0 WIPER_2
A 2946400 -711200 203200 0 3 3 #=B2
A 0 0 9 0 3 0 PINTYPE=BI
P 10 3302000 -1016000 2794000 -1016000 0 3 0
L 2717800 -1016000 228600 0 8 0 1 0 CW_2
A 2946400 -965200 203200 0 3 3 #=B3
A 0 0 9 0 3 0 PINTYPE=BI
E
